/**** Start of imports. If edited, may not auto-convert in the playground. ****/
var groundTruth1 = /* color: #00ffff */ee.Geometry.Polygon(
        [[[29.54084416996105, 43.26552012648038],
          [29.540500847207145, 43.25901971192047],
          [29.539814201699333, 43.25489408884167],
          [29.539299217568473, 43.250580638573304],
          [29.538955894814567, 43.24739223984509],
          [29.53689595829113, 43.243265829032104],
          [29.5366384662257, 43.24007704741439],
          [29.535694328652458, 43.23457444355016],
          [29.536209312783317, 43.23176042001045],
          [29.53509351383312, 43.22331756977805],
          [29.535265175210075, 43.22075321338507],
          [29.535694328652458, 43.21837639651489],
          [29.534750191079215, 43.21424802068731],
          [29.53509351383312, 43.211495614859686],
          [29.535436836587028, 43.20298739331156],
          [29.54333325992687, 43.198795406655314],
          [29.54462072025402, 43.19898311370988],
          [29.544019905434684, 43.200547316708096],
          [29.545479027138786, 43.202236610904706],
          [29.543075767861442, 43.206115553888935],
          [29.542732445107536, 43.20855540778548],
          [29.54238912235363, 43.213122051499326],
          [29.544191566811637, 43.21881423816332],
          [29.54410573612316, 43.22125358407783],
          [29.542045799599723, 43.22275467151685],
          [29.544792381630973, 43.22463097884224],
          [29.546680656777458, 43.22663230967096],
          [29.547538963662223, 43.23013448051785],
          [29.543934074746208, 43.23301111318075],
          [29.542045799599723, 43.23438684602332],
          [29.54084416996105, 43.23626279530433],
          [29.54238912235363, 43.2397644127822],
          [29.542217460976676, 43.24088988995059],
          [29.5435907519923, 43.24126504438668],
          [29.546165672646598, 43.241390095352045],
          [29.545822349892692, 43.24339087589074],
          [29.544449058877067, 43.2455166332171],
          [29.544964043007926, 43.24714216229811],
          [29.548225609170036, 43.24564167545567],
          [29.549427238808708, 43.24676704405259],
          [29.54959890018566, 43.249142753926726],
          [29.547023979531364, 43.25076818624202],
          [29.54513570438488, 43.25289368612547],
          [29.553547111855583, 43.251268310535224],
          [29.5545770801173, 43.25526915703567],
          [29.554062095986442, 43.259394754703365],
          [29.549427238808708, 43.26289504261152],
          [29.54135915409191, 43.270269990501646]]]),
    groudTruth2 = /* color: #bf04c2 */ee.Geometry.Polygon(
        [[[29.760805517251498, 42.96537959230335],
          [29.762092977578646, 42.96682415819885],
          [29.7622646389556, 42.96770344256996],
          [29.762350469644076, 42.96933636591327],
          [29.7622646389556, 42.97071803642164],
          [29.76303711515189, 42.97178566964725],
          [29.76303711515189, 42.97285328434004],
          [29.76252213102103, 42.97385808123889],
          [29.762607961709506, 42.97523965016944],
          [29.76303711515189, 42.97643279835893],
          [29.7637237606597, 42.97762592339818],
          [29.76526871305228, 42.9795097579048],
          [29.76724281888724, 42.98120515961383],
          [29.767929464395053, 42.982649353825224],
          [29.76973190885306, 42.98403072524006],
          [29.77153435331107, 42.985223702847264],
          [29.773079305703646, 42.986542230110324],
          [29.773937612588412, 42.98779794406765],
          [29.77522507291556, 42.988928064696864],
          [29.776426702554232, 42.99005816454793],
          [29.777799993569857, 42.990937116733626],
          [29.77951660733939, 42.99225552144419],
          [29.781147390420443, 42.994013350398035],
          [29.78149071317435, 42.99526891172513],
          [29.781919866616732, 42.996838327310286],
          [29.783378988320834, 42.998093830919316],
          [29.784580617959506, 42.9990982153367],
          [29.78449478727103, 42.99960040138874],
          [29.78475227933646, 43.00060476117955],
          [29.7856964169097, 43.002174040485066],
          [29.78724136930228, 43.0034922041259],
          [29.78844299894095, 43.005249711652205],
          [29.78895798307181, 43.00656780930069],
          [29.789129644448764, 43.00832522883693],
          [29.789558797891146, 43.00932944599708],
          [29.79093208890677, 43.01033364673912],
          [29.791361242349154, 43.01102402522547],
          [29.791876226480014, 43.011839917068144],
          [29.793421178872592, 43.012781317264704],
          [29.794794469888217, 43.01397373679845],
          [29.79548111539603, 43.01554267459547],
          [29.79599609952689, 43.016860551368154],
          [29.79625359159232, 43.01777049739509],
          [29.79694023710013, 43.0185549228025],
          [29.798013120706088, 43.019998239369144],
          [29.79895725827933, 43.021316020517055],
          [29.800030141885287, 43.02253964911479],
          [29.80045929532767, 43.02329263920718],
          [29.800030141885287, 43.023826001601506],
          [29.801317602212436, 43.0249554596108],
          [29.80144634824515, 43.02652411681749],
          [29.80191841703177, 43.02752803639317],
          [29.802905469949252, 43.02865742629018],
          [29.803549200112826, 43.02962993982791],
          [29.804793745095736, 43.031418069667616],
          [29.80496540647269, 43.032798344793136],
          [29.805094152505404, 43.03417858887644],
          [29.804836660439975, 43.03628026456161],
          [29.805308729226596, 43.03816230109925],
          [29.80548039060355, 43.03944832620067],
          [29.80573788266898, 43.041392995887676],
          [29.80573788266898, 43.0423025782934],
          [29.80492249112845, 43.04336896807877],
          [29.805051237161166, 43.0443098848491],
          [29.805652051980502, 43.046128949684565],
          [29.806252866799838, 43.046568026218544],
          [29.806810766274936, 43.04741480780166],
          [29.807282835061557, 43.048136131041346],
          [29.808098226602084, 43.0489828909775],
          [29.808527380044467, 43.04942194708313],
          [29.80792656522513, 43.05064501537679],
          [29.807797819192416, 43.05196213857152],
          [29.807883649880893, 43.05356146442391],
          [29.807797819192416, 43.05462765848827],
          [29.807583242471225, 43.05619555726222],
          [29.807626157815463, 43.060679526478594],
          [29.808012395913607, 43.061902370264896],
          [29.808870702798373, 43.06287435690183],
          [29.809900671060092, 43.06356414452134],
          [29.81071606260062, 43.06475557758381],
          [29.810801893289096, 43.06538263831614],
          [29.811874776895053, 43.06695026208485],
          [29.81221809964896, 43.06760865211322],
          [29.81196060758353, 43.068172980794785],
          [29.812046438272006, 43.06914486801181],
          [29.812775999124057, 43.07058699483799],
          [29.812990575845248, 43.07140209499125],
          [29.812990575845248, 43.07265607405989],
          [29.813248067910678, 43.07362789019078],
          [29.813076406533725, 43.07528934658985],
          [29.813076406533725, 43.07679402294832],
          [29.81294766050101, 43.07829866236011],
          [29.812132268960482, 43.07920769743393],
          [29.81243267637015, 43.08021075496771],
          [29.81320515256644, 43.081809343971926],
          [29.81367722135306, 43.08350192216111],
          [29.81419220548392, 43.08463028164204],
          [29.814020544106967, 43.08563325039994],
          [29.8137201366973, 43.08669888671255],
          [29.813763052041537, 43.087858528695],
          [29.81393471341849, 43.08908083026204],
          [29.813805967385775, 43.09002104563905],
          [29.81440678220511, 43.091055265883924],
          [29.814535528237826, 43.09174473634516],
          [29.81419220548392, 43.092308842767586],
          [29.81470718961478, 43.09318633131942],
          [29.814492612893588, 43.09387577779007],
          [29.815308004434115, 43.096006745082],
          [29.81565132718802, 43.09744823973154],
          [29.81543675046683, 43.09863901406488],
          [29.815565496499545, 43.09957908270746],
          [29.816080480630404, 43.10058180668441],
          [29.816509634072787, 43.10208586185919],
          [29.81796875577689, 43.1041538773939],
          [29.8186554012847, 43.105281856423616],
          [29.819556623513705, 43.1075690834308],
          [29.820286184365756, 43.10910429745984],
          [29.820586591775424, 43.11020085533458],
          [29.81989994626761, 43.11101542846696],
          [29.8206724224639, 43.111861319860616],
          [29.82140198331595, 43.11323978448903],
          [29.822131544168002, 43.114743528673394],
          [29.823075681741244, 43.11646652345895],
          [29.82290402036429, 43.1172183605256],
          [29.823805242593295, 43.11806416618383],
          [29.823504835183627, 43.11875333252045],
          [29.823376089150912, 43.119442491094915],
          [29.82393398862601, 43.12044488971049],
          [29.82371941190482, 43.121040056118325],
          [29.824534803445346, 43.122386990294814],
          [29.824792295510775, 43.123138754615375],
          [29.824534803445346, 43.12457961040923],
          [29.824534803445346, 43.126114397731506],
          [29.824234396035678, 43.12721065081484],
          [29.82444897275687, 43.12849480801131],
          [29.82419148069144, 43.12977893824824],
          [29.824792295510775, 43.130781167505795],
          [29.825221448953158, 43.1326603030991],
          [29.825779348428256, 43.13369380306516],
          [29.82565060239554, 43.13582338428434],
          [29.825521856362826, 43.13660629991186],
          [29.82569351773978, 43.13729525737235],
          [29.826294332559115, 43.13814078546466],
          [29.826380163247592, 43.139048932244485],
          [29.82590809446097, 43.14017626810305],
          [29.825478941018588, 43.1412096410472],
          [29.825006872231967, 43.14324502152187],
          [29.825221448953158, 43.144278342598085],
          [29.825478941018588, 43.14537427010842],
          [29.8261655865264, 43.14631362090835],
          [29.825993925149447, 43.14731557918482],
          [29.82646599393607, 43.148599314224874],
          [29.827238470132357, 43.15022742720182],
          [29.82813969236136, 43.15173026222634],
          [29.828869253213412, 43.15273213171321],
          [29.828568845803744, 43.15389052283401],
          [29.82844009977103, 43.15501758501177],
          [29.828826337869174, 43.15592548109399],
          [29.828096777017123, 43.15670813930417],
          [29.827968030984408, 43.159682149081355],
          [29.828354269082553, 43.16109084003212],
          [29.828010946328646, 43.16262471101848],
          [29.828010946328646, 43.163814217107614],
          [29.828611761147982, 43.16465937841241],
          [29.828311353738314, 43.16581754343238],
          [29.827968030984408, 43.16716349140874],
          [29.82788220029593, 43.16919800763348],
          [29.82745304685355, 43.171107261220804],
          [29.827109724099643, 43.1723904964871],
          [29.827023893411166, 43.17339202722923],
          [29.82839718442679, 43.17577059691585],
          [29.828611761147982, 43.17730409930331],
          [29.828311353738314, 43.178305549462934],
          [29.828611761147982, 43.18015193013637],
          [29.829255491311557, 43.18084039677412],
          [29.829083829934604, 43.1824363577582],
          [29.82942715268851, 43.1836254780349],
          [29.830242544229037, 43.18525265772246],
          [29.831100851113803, 43.18675463124612],
          [29.831272512490756, 43.1881939878613],
          [29.831100851113803, 43.189476864063195],
          [29.830542951638705, 43.19151063693033],
          [29.830371290261752, 43.19257442958845],
          [29.830843359048373, 43.19488967892446],
          [29.830242544229037, 43.19564055173774],
          [29.82994213681937, 43.196641701116754],
          [29.830371290261752, 43.19817467927141],
          [29.83062878232718, 43.19911321831754],
          [29.830800443704135, 43.20073998513275],
          [29.830328374917514, 43.20224157754213],
          [29.829985052163607, 43.2032426186166],
          [29.830242544229037, 43.203618004784815],
          [29.83041420560599, 43.20549490097845],
          [29.83045712095023, 43.20612052021055],
          [29.830027967507846, 43.2072466186594],
          [29.83067169767142, 43.20946747411418],
          [29.830585866982943, 43.21056223225893],
          [29.83092918973685, 43.21178208247342],
          [29.83140125852347, 43.21278296699115],
          [29.830843359048373, 43.21584807364651],
          [29.83067169767142, 43.21747439421016],
          [29.83092918973685, 43.21897557469359],
          [29.83088627439261, 43.21963232953336],
          [29.83062878232718, 43.220382897830916],
          [29.830070882852084, 43.220945817990554],
          [29.830800443704135, 43.222290550667296],
          [29.831100851113803, 43.22325999070947],
          [29.831229597146518, 43.224604672343176],
          [29.831100851113803, 43.22544899216353],
          [29.831572919900424, 43.22610567727232],
          [29.832044988687045, 43.226856165877216],
          [29.833332449014193, 43.229107576253014],
          [29.833804517800814, 43.22970168456775],
          [29.833547025735385, 43.230733543140325],
          [29.83440533262015, 43.23217186230628],
          [29.835091978127963, 43.23376648083332],
          [29.834491163308627, 43.234704472241084],
          [29.834619909341342, 43.23701812265216],
          [29.834624228513004, 43.23860014751038],
          [29.834152159726383, 43.241163753125605],
          [29.834152159726383, 43.242633088201146],
          [29.83393758300519, 43.243539681527075],
          [29.83449548248029, 43.24457130579745],
          [29.83419507507062, 43.245540391471174],
          [29.83350842956281, 43.24672828191116],
          [29.83320802215314, 43.248416296898576],
          [29.833551344907047, 43.2496041312556],
          [29.834366736447574, 43.25035433049315],
          [29.834109244382145, 43.251479612023935],
          [29.834323821103336, 43.2528236710492],
          [29.834323821103336, 43.25348006118815],
          [29.833808836972477, 43.2542927248917],
          [29.834152159726383, 43.25629308165255],
          [29.833723006284, 43.257386998962815],
          [29.83222096923566, 43.260981160330786],
          [29.831405577695133, 43.26282503903442],
          [29.830633101498844, 43.265043869878625],
          [29.83020394805646, 43.26704387344812],
          [29.830847678220035, 43.269137556781544],
          [29.830633101498844, 43.27041873046691],
          [29.831105170285465, 43.27163738284814],
          [29.83196347717023, 43.27404336846618],
          [29.83419507507062, 43.27869883675454],
          [29.834152159726383, 43.2801985090764],
          [29.834838805234195, 43.28122951235602],
          [29.835611281430484, 43.28276036378286],
          [29.835782942807437, 43.2836351187322],
          [29.83501046661115, 43.28450986110357],
          [29.835267958676578, 43.28597815037925],
          [29.835525450742008, 43.287383926050516],
          [29.835868773495914, 43.28910205219607],
          [29.836641249692203, 43.29306917624505],
          [29.837370810544254, 43.29519319928831],
          [29.837284979855777, 43.296255182990286],
          [29.837327895200016, 43.29762948730894],
          [29.837551121615046, 43.29851660953408],
          [29.83669281473028, 43.29920374002056],
          [29.836263661287898, 43.29964100083252],
          [29.837079052828425, 43.301577403772086],
          [29.83767986764776, 43.302545582114625],
          [29.837336544893855, 43.303107743109145],
          [29.838151936434382, 43.30435697115271],
          [29.838955348645303, 43.30572459119859],
          [29.839727824841592, 43.3066927034955],
          [29.84054321638212, 43.30731728389168],
          [29.84080070844755, 43.308098000362165],
          [29.840457385693643, 43.30953449246785],
          [29.840156978283975, 43.310408862345234],
          [29.83977074018583, 43.31197020584018],
          [29.839620536480997, 43.31265718427096],
          [29.84004968992338, 43.313968666984444],
          [29.840414470349405, 43.31534257089996],
          [29.84101528516874, 43.317028683252076],
          [29.840671962414834, 43.31771560450098],
          [29.840671962414834, 43.31893330944828],
          [29.83981365553007, 43.320712988165994],
          [29.839169925366495, 43.32136864613209],
          [29.83977074018583, 43.32239895149743],
          [29.839684909497354, 43.32449072985355],
          [29.83955616346464, 43.32564586016545],
          [29.83904117933378, 43.32658243618536],
          [29.838354533825967, 43.32783118174936],
          [29.838182872449014, 43.330266161761244],
          [29.837882465039346, 43.3336062960509],
          [29.838182872449014, 43.337476876086534],
          [29.83702415815458, 43.338912673686345],
          [29.83706707349882, 43.34115994090034],
          [29.836981242810342, 43.34265807283297],
          [29.836208766614053, 43.3443434270687],
          [29.835693782483194, 43.34615357024387],
          [29.836637920056436, 43.34802607534877],
          [29.83801121107206, 43.34927437999461],
          [29.839727824841592, 43.349898522690296],
          [29.84050030103788, 43.35095955054323],
          [29.84101528516874, 43.352207794858174],
          [29.84350437513456, 43.3545169791608],
          [29.84427685133085, 43.35507865935408],
          [29.84479183546171, 43.356139596645946],
          [29.84453434339628, 43.3588854658565],
          [29.844620174084756, 43.359696721616224],
          [29.845220988904092, 43.36088238359955],
          [29.84625095716581, 43.36206802241277],
          [29.847366756116006, 43.362692033534195],
          [29.847109264050577, 43.36550000415349],
          [29.845478480969522, 43.36394003652202],
          [29.844877666150186, 43.36312883750028],
          [29.844877666150186, 43.36175601444519],
          [29.843933528576944, 43.360819980914926],
          [29.843418544446084, 43.359696721616224],
          [29.843332713757608, 43.358823061118],
          [29.843332713757608, 43.357762170743655],
          [29.843332713757608, 43.356763668741216],
          [29.843161052380655, 43.35582755819146],
          [29.842646068249795, 43.354953841982635],
          [29.8415302692996, 43.35445456992952],
          [29.840671962414834, 43.35326878234062],
          [29.8400711475955, 43.35251985192553],
          [29.83929867139921, 43.35183332425933],
          [29.838182872449014, 43.350897137653554],
          [29.83706707349882, 43.35027300522698],
          [29.835865443860147, 43.3491495506853],
          [29.835092967663858, 43.3479012434722],
          [29.834492152844522, 43.346964996214695],
          [29.83432049146757, 43.345966316556385],
          [29.834406322156045, 43.3450924583773],
          [29.834921306286905, 43.3443434270687],
          [29.835436290417764, 43.34340712493624],
          [29.835693782483194, 43.34265807283297],
          [29.8360371052371, 43.341409632123],
          [29.8360371052371, 43.340410861071],
          [29.835865443860147, 43.33972419644193],
          [29.835693782483194, 43.33922479910672],
          [29.836380427991006, 43.33803871397329],
          [29.836637920056436, 43.33741444933378],
          [29.83680958143339, 43.33647804034072],
          [29.836723750744913, 43.335604045585335],
          [29.836637920056436, 43.334854897211486],
          [29.83655208936796, 43.334293029866124],
          [29.836637920056436, 43.333543865319],
          [29.836723750744913, 43.332544964879894],
          [29.836981242810342, 43.331951859970424],
          [29.837453311596963, 43.33188942753776],
          [29.837367480908487, 43.33129631622638],
          [29.837195819531534, 43.33060954852438],
          [29.83676666608915, 43.33039102989973],
          [29.83706707349882, 43.32957938241071],
          [29.837238734875772, 43.32708193749156],
          [29.838440364514444, 43.32502146812985],
          [29.838397449170206, 43.32417852870145],
          [29.838097041760538, 43.322742382736436],
          [29.838740771924112, 43.32021343449029],
          [29.83904117933378, 43.31908942370229],
          [29.83904117933378, 43.31759071030604],
          [29.83904117933378, 43.31577971563181],
          [29.839084094678018, 43.31446827200219],
          [29.83856911054716, 43.31334415493634],
          [29.838869517956827, 43.31218879072867],
          [29.839169925366495, 43.311283219644025],
          [29.8395132481204, 43.310159043663795],
          [29.83955616346464, 43.30866011001184],
          [29.839427417431924, 43.3078481721826],
          [29.838483279858682, 43.30731728389168],
          [29.83728165022001, 43.30603688717253],
          [29.836680835400674, 43.30503753440839],
          [29.836165851269815, 43.30378832034994],
          [29.835650867138956, 43.303038779593116],
          [29.835650867138956, 43.302164303696856],
          [29.835479205762002, 43.301539670355595],
          [29.83530754438505, 43.30091503059679],
          [29.835221713696573, 43.300102989316166],
          [29.835479205762002, 43.29960326621427],
          [29.835908359204385, 43.29872874090297],
          [29.835908359204385, 43.29797913776772],
          [29.835736697827432, 43.29710458909672],
          [29.835650867138956, 43.29641743488835],
          [29.835650867138956, 43.29560533353989],
          [29.835393375073526, 43.294918162389365],
          [29.835221713696573, 43.294230983473724],
          [29.834964221631143, 43.29316896442152],
          [29.834964221631143, 43.29129476791],
          [29.834620898877237, 43.288733272605626],
          [29.8340200840579, 43.28704637532293],
          [29.83376259199247, 43.285484391681734],
          [29.83376259199247, 43.28392236793223],
          [29.833419269238565, 43.28236030407454],
          [29.83204597822294, 43.27717396444494],
          [29.830157703076456, 43.27404945009046],
          [29.829127734814737, 43.27136223943413],
          [29.828870242749307, 43.269799853111486],
          [29.828956073437784, 43.267612444880065],
          [29.828956073437784, 43.26592496196194],
          [29.830243533764932, 43.262674863053945],
          [29.831359332715127, 43.26004965649467],
          [29.832217639599893, 43.258049423139035],
          [29.832475131665323, 43.25679924392355],
          [29.832646793042276, 43.254173784022576],
          [29.83281845441923, 43.25211084326258],
          [29.8325609623538, 43.25042293066404],
          [29.831874316845987, 43.24911007741312],
          [29.83178848615751, 43.248047270721685],
          [29.832389300976846, 43.24660932626887],
          [29.832904285107706, 43.24554647594314],
          [29.83281845441923, 43.24454612928448],
          [29.83281845441923, 43.24379585851028],
          [29.8325609623538, 43.242983054744364],
          [29.832732623730752, 43.24110731235803],
          [29.833419269238565, 43.23979425832603],
          [29.83350509992704, 43.2379809467131],
          [29.83281845441923, 43.23648023422333],
          [29.83281845441923, 43.2348544206511],
          [29.83307594648466, 43.23335363116149],
          [29.832389300976846, 43.23222801478949],
          [29.830930179272745, 43.227225023828105],
          [29.829986041699502, 43.2257865879227],
          [29.829471057568643, 43.223347423377],
          [29.828956073437784, 43.21984486258191],
          [29.829213565503213, 43.21609189558107],
          [29.82955688825712, 43.2125263629761],
          [29.828956073437784, 43.20946108936775],
          [29.828355258618448, 43.20708383234493],
          [29.828956073437784, 43.20583260722388],
          [29.828956073437784, 43.203330079987005],
          [29.82904190412626, 43.20182851436845],
          [29.82929939619169, 43.200014073271014],
          [29.828956073437784, 43.19832471753624],
          [29.8285269199954, 43.19682302872753],
          [29.828956073437784, 43.195509020703746],
          [29.829471057568643, 43.19457042622047],
          [29.828870242749307, 43.19369439167812],
          [29.82904190412626, 43.19225516477247],
          [29.82955688825712, 43.188437920339595],
          [29.829385226880166, 43.18674824412264],
          [29.828441089306924, 43.18386942876975],
          [29.827754443799112, 43.182117039912],
          [29.827239459668252, 43.1796135400019],
          [29.826896136914346, 43.177047346058615],
          [29.825951999341104, 43.174668826102284],
          [29.82509369245634, 43.17322915059555],
          [29.82655281416044, 43.16853432077282],
          [29.826638644848916, 43.16659368570247],
          [29.82681030622587, 43.164715593059995],
          [29.82655281416044, 43.16340089385441],
          [29.82629532209501, 43.16202355957883],
          [29.826724475537393, 43.16089662662077],
          [29.82655281416044, 43.15951923588786],
          [29.827196544324014, 43.1584548672357],
          [29.827110713635538, 43.157672231398074],
          [29.827625697766397, 43.156670442898445],
          [29.82732529035673, 43.15494858054182],
          [29.82728237501249, 43.15425982201429],
          [29.82728237501249, 43.15275704919102],
          [29.826252406750772, 43.15209957446081],
          [29.82483620039091, 43.14846768184129],
          [29.824922031079385, 43.14712132199065],
          [29.82432121626005, 43.145837555910184],
          [29.82380623212919, 43.14427195103188],
          [29.823677486096475, 43.14330125587111],
          [29.824364131604288, 43.14198609590525],
          [29.82479328504667, 43.14082747916199],
          [29.82483620039091, 43.140169876107954],
          [29.825007861767862, 43.13944963607631],
          [29.824922031079385, 43.13885464878133],
          [29.82479328504667, 43.13810307760672],
          [29.824492877637002, 43.13735149719413],
          [29.824364131604288, 43.13641200868749],
          [29.824364131604288, 43.13569172439051],
          [29.824664539013956, 43.134908797053555],
          [29.824407046948526, 43.133875317620365],
          [29.824149554883096, 43.132653910318304],
          [29.823462909375284, 43.13133852132786],
          [29.82333416334257, 43.130117063361936],
          [29.823205417309854, 43.12949066519913],
          [29.82380623212919, 43.1255442092576],
          [29.823634570752237, 43.12413469900187],
          [29.823634570752237, 43.122599862010915],
          [29.822390025769327, 43.11796379403861],
          [29.8215746342288, 43.11608420694902],
          [29.82058758131132, 43.11426721788259],
          [29.819858020459268, 43.11320206127856],
          [29.81904262891874, 43.11110302194389],
          [29.81908554426298, 43.11022579014623],
          [29.81857056013212, 43.10850261965316],
          [29.81779808393583, 43.10703005370006],
          [29.817368930493448, 43.105400790515155],
          [29.816424792920206, 43.10471147380593],
          [29.816253131543252, 43.10358348426643],
          [29.81479400983915, 43.10154678384571],
          [29.813978618298624, 43.10029339606331],
          [29.81410736433134, 43.099322002883476],
          [29.81432194105253, 43.0988519683928],
          [29.813721126233194, 43.09762986183043],
          [29.813892787610147, 43.09612569719218],
          [29.813377803479288, 43.09549895102133],
          [29.813377803479288, 43.093932057530175],
          [29.813206142102334, 43.09148762362962],
          [29.81277698865995, 43.090610110739014],
          [29.81230491987333, 43.08979526608304],
          [29.812219089184854, 43.08885504724016],
          [29.81277698865995, 43.08844761459276],
          [29.812991565381143, 43.08791481396459],
          [29.812390750561807, 43.087789448437405],
          [29.812605327283, 43.08697456625635],
          [29.81303448072538, 43.086661147146344],
          [29.81333488813505, 43.0862536999059],
          [29.81277698865995, 43.08496865624168],
          [29.8120474278079, 43.08324477484431],
          [29.811961597119424, 43.08277461695333],
          [29.811875766430948, 43.081991012450295],
          [29.811961597119424, 43.080893949308184],
          [29.811274951611612, 43.08039242818621],
          [29.81106037489042, 43.07954610198395],
          [29.811403697644327, 43.07904456982919],
          [29.81178993574247, 43.078637071930686],
          [29.811918681775186, 43.07797880036978],
          [29.81178993574247, 43.07706974706439],
          [29.811747020398233, 43.07634876416373],
          [29.81178993574247, 43.07562777278009],
          [29.811918681775186, 43.07500081685544],
          [29.81230491987333, 43.074530595702534],
          [29.811489528332803, 43.073464747731485],
          [29.811446612988565, 43.07280642060634],
          [29.81136078230009, 43.07092544699626],
          [29.811189120923135, 43.070517895105134],
          [29.810931628857706, 43.06967143251818],
          [29.810717052136514, 43.06876225597792],
          [29.810674136792276, 43.06782171433098],
          [29.81054539075956, 43.066693045304405],
          [29.80981582990751, 43.06556435549582],
          [29.808871692334268, 43.06487459038215],
          [29.80805630079374, 43.06405940342353],
          [29.806768840466592, 43.0628366026607],
          [29.8065542637454, 43.062021388602275],
          [29.806511348401163, 43.06133158362462],
          [29.806382602368448, 43.06092396794435],
          [29.80633968702421, 43.06023415061952],
          [29.806210940991495, 43.059418901956896],
          [29.80608219495878, 43.058133295502984],
          [29.806125110303018, 43.05691037654413],
          [29.806511348401163, 43.05527977999318],
          [29.806640094433877, 43.05421359726658],
          [29.806425517712686, 43.053335550514475],
          [29.8065542637454, 43.05214389552876],
          [29.8065542637454, 43.05129717923136],
          [29.8065542637454, 43.050669974437604],
          [29.806768840466592, 43.04972915522083],
          [29.806468433056924, 43.04888240558688],
          [29.805695956860635, 43.048067006002476],
          [29.804623073254678, 43.04722023342271],
          [29.80406517377958, 43.046467536871845],
          [29.803764766369913, 43.045558016216845],
          [29.803636020337198, 43.04471120900203],
          [29.803764766369913, 43.04424075549842],
          [29.804022258435342, 43.0433939301003],
          [29.804279750500772, 43.04292346649488],
          [29.804708903943155, 43.04235890540608],
          [29.804665988598916, 43.0417629741762],
          [29.804708903943155, 43.04082201834362],
          [29.804279750500772, 43.03988104807996],
          [29.80410808912382, 43.03915962777147],
          [29.803893512402627, 43.037873596619114],
          [29.80385059705839, 43.03721488729781],
          [29.80410808912382, 43.03671300878299],
          [29.803893512402627, 43.03561513522119],
          [29.80380768171415, 43.03470545367582],
          [29.80380768171415, 43.03373302056028],
          [29.803721851025674, 43.03282331111529],
          [29.803206866894815, 43.031882218188805],
          [29.802734798108194, 43.031223444553966],
          [29.802262729321573, 43.03062740517229],
          [29.80230564466581, 43.02912159568841],
          [29.801876491223428, 43.02833730528444],
          [29.80136150709257, 43.027929470313964],
          [29.800717776928995, 43.027051047327866],
          [29.800245708142374, 43.02639222183881],
          [29.80007404676542, 43.025419657003006],
          [29.799687808667276, 43.02472944035239],
          [29.799387401257608, 43.02400784192011],
          [29.799215739880655, 43.02325486059984],
          [29.799129909192178, 43.022784242584756],
          [29.79861492506132, 43.02184299573181],
          [29.797928279553506, 43.0212782406934],
          [29.79732746473417, 43.02065072900237],
          [29.79659790388212, 43.01967807320656],
          [29.795997089062784, 43.018799532147156],
          [29.795396274243448, 43.018234749113866],
          [29.794967120801065, 43.01738756482354],
          [29.79462379804716, 43.01660312450316],
          [29.790418094311807, 43.01192765235114],
          [29.78938812605009, 43.01073519309043],
          [29.788529819165323, 43.009730998913525],
          [29.787671512280557, 43.00929165879841],
          [29.787414020215127, 43.00784809057989],
          [29.78707069746122, 43.00653002040312],
          [29.786984866772745, 43.00577682474665],
          [29.786212390576456, 43.00464701394612],
          [29.784924930249307, 43.00414486914278],
          [29.784409946118448, 43.003266105860526],
          [29.783980792676065, 43.00194793736851],
          [29.7831224857913, 43.000315880050856],
          [29.782950824414346, 42.99924874221065],
          [29.78183502546415, 42.9986837793801],
          [29.780719226513956, 42.9966749805789],
          [29.77977507254427, 42.99523110267453],
          [29.779260104809854, 42.99391277499983],
          [29.778230136548135, 42.99284552595604],
          [29.77685684553251, 42.99202938182883],
          [29.775483554516885, 42.99096210007843],
          [29.774281924878213, 42.98951810115146],
          [29.77265114179716, 42.988764696939626],
          [29.771707004223916, 42.987885713687476],
          [29.77033371320829, 42.986316069473915],
          [29.768788760815713, 42.98512311306539],
          [29.765269702588174, 42.98217201616919],
          [29.764497226391885, 42.98091618728942],
          [29.76363891950712, 42.980162677648835],
          [29.762437289868448, 42.97922077761205],
          [29.76192230573759, 42.978278863146336],
          [29.761321490918252, 42.97702295474715],
          [29.761063998852823, 42.97633219419373],
          [29.761063998852823, 42.97545303317604],
          [29.760978168164346, 42.974197067061624],
          [29.761321490918252, 42.973192275701265],
          [29.761578982983682, 42.97250147211809],
          [29.761578982983682, 42.97193626341493],
          [29.76140732160673, 42.971433851318125],
          [29.7611498295413, 42.97068022547763],
          [29.76089233747587, 42.96948696567809],
          [29.7611498295413, 42.968858924906236],
          [29.76089233747587, 42.96797965705231],
          [29.76063484541044, 42.96735160089002]]]),
    geometry = /* color: #ff0000 */ee.Geometry.LineString(
        [[29.541460275249236, 43.26956870588488],
         [29.54008698423361, 43.20003293308588]]),
    geometry2 = /* color: #00ff00 */ee.Geometry.LineString(
        [[29.55381989438986, 43.25531783770066],
         [29.54008698423361, 43.25581792463275]]),
    geometry3 = /* color: #0000ff */ee.Geometry.LineString(
        [[29.536310433940642, 43.23831243847455],
         [29.541803598003142, 43.23731197303084]]),
    geometry4 = /* color: #999900 */ee.Geometry.LineString(
        [[29.846330880717986, 43.3562520193257],
         [29.769426583842986, 42.97964786386407]]),
    geometry5 = /* color: #009999 */ee.Geometry.LineString(
        [[29.804180859957178, 43.04681427303787],
         [29.80662703457876, 43.04687699774864]]),
    geometry6 = /* color: #ff00ff */ee.Geometry.LineString(
        [[29.812117042909545, 43.07924136058172],
         [29.81125873602478, 43.07922568768608]]);
/***** End of imports. If edited, may not auto-convert in the playground. *****/
// Study Area
var region080819 = ee.Geometry.Rectangle(
                [29.35239035861587,43.39975485811164,
                 30.05949869815924,42.88380842002836], null, true);

// Dataset
var sar = ee.ImageCollection('COPERNICUS/S1_GRD')
    .filter(ee.Filter.listContains('transmitterReceiverPolarisation','VV'))
    .filter(ee.Filter.listContains('transmitterReceiverPolarisation','VH'))
    .filter(ee.Filter.eq('instrumentMode','IW'))
    .filter(ee.Filter.eq('orbitProperties_pass','DESCENDING'))
    .filterDate('2019-08-08','2019-08-09')
    .filterBounds(region080819)
    .mosaic()
    .clip(region080819);
    
print(sar);
//print(region080819.area().divide(1000000))
Map.centerObject(region080819,8);

var imageVisParam = {"opacity":1,"bands":["VV"],"min":-50,"gamma":1}; 
Map.addLayer(sar,imageVisParam);
/*
Export.image.toDrive({
  image: sar.visualize(imageVisParam),
  folder: 'Bitirme/görüntüler',
  description: '080819_ist_ode',
  region: region080819,
  scale: 100
});
*/

// Ground Truth
print(groundTruth1.area().divide(1000000));
print(geometry.length())
print(geometry2.length())
print(geometry3.length())

print(groudTruth2.area().divide(1000000));
print(geometry4.length())
print(geometry5.length())
print(geometry6.length())
  
