/**** Start of imports. If edited, may not auto-convert in the playground. ****/
var geometry = 
    /* color: #999900 */
    /* shown: false */
    ee.Geometry.LinearRing(
        [[29.437746167275247, 42.35868731570136],
         [29.437831997963723, 42.358417763783045],
         [29.438046574684915, 42.35813235460925],
         [29.43862593183213, 42.358084786287584],
         [29.439098000618753, 42.35832262753583],
         [29.439527154061135, 42.360304602929375],
         [29.439956307503518, 42.36131935013298],
         [29.439956307503518, 42.36185842791924],
         [29.44042837629014, 42.36260361606669],
         [29.44117939481431, 42.36377687310974],
         [29.441544175240335, 42.363665890273644],
         [29.441715836617288, 42.36382443712235],
         [29.4413939715355, 42.36463301982716],
         [29.441608548256692, 42.36521963213851],
         [29.441737294289407, 42.36555257182452],
         [29.441801667305764, 42.36661479617058],
         [29.442209363076028, 42.367914807494905],
         [29.4424024821251, 42.36839041467223],
         [29.441072106453714, 42.36948429751438],
         [29.441286683174905, 42.370197689105154],
         [29.440986275765237, 42.37062572017057],
         [29.44141542920762, 42.37167200605097],
         [29.441608548256692, 42.37270242208022],
         [29.441844582650003, 42.37324140219239],
         [29.441222310158548, 42.37438275657328],
         [29.440964818093118, 42.375207055170854],
         [29.441479802223977, 42.3759045301491],
         [29.441050648781594, 42.37653859158916],
         [29.440707326027688, 42.37736286189038],
         [29.440535664650735, 42.377933504222554],
         [29.440364003273782, 42.3786626507674],
         [29.440707326027688, 42.38012091845738],
         [29.441222310158548, 42.38195955553468],
         [29.441050648781594, 42.382847154164025],
         [29.44066441068345, 42.383275099019755],
         [29.44044983396226, 42.38421022762733],
         [29.44044983396226, 42.386127990180704],
         [29.440728783699807, 42.38663515725911],
         [29.440850355243402, 42.388406830903385],
         [29.441537000751214, 42.39011844123496],
         [29.44239530763598, 42.39195678553134],
         [29.442996122455316, 42.39366829906171],
         [29.44368276796313, 42.39544315268472],
         [29.44411192140551, 42.39626717480476],
         [29.443253614520746, 42.397408110647014],
         [29.443768598651605, 42.39867579280952],
         [29.445056058978754, 42.40048197368716],
         [29.44763097963305, 42.40453826774577],
         [29.448746778583246, 42.40758031619144],
         [29.44986257753344, 42.41290354601403],
         [29.44960508546801, 42.41562835788522],
         [29.450291730975824, 42.418859958027184],
         [29.44986257753344, 42.4220280317907],
         [29.449690916156488, 42.425322658701795],
         [29.450291730975824, 42.4277301611859],
         [29.450549223041254, 42.42906058341884],
         [29.450549223041254, 42.43260823799168],
         [29.450549223041254, 42.43653576418833],
         [29.45089254579516, 42.43925954909707],
         [29.45235166749926, 42.44141315567255],
         [29.4523945828435, 42.44305998134403],
         [29.451707937335687, 42.444263403499306],
         [29.450592138385492, 42.44492844266805],
         [29.450334646320062, 42.447335192081894],
         [29.450978376483636, 42.44822186592626],
         [29.4523945828435, 42.448950195766656],
         [29.453553297137933, 42.450216836188],
         [29.45363912782641, 42.45224340758591],
         [29.452694990253168, 42.453668301339064],
         [29.452515686266427, 42.45462706480834],
         [29.454532707445626, 42.4584582263603],
         [29.45620640587092, 42.46295400131348],
         [29.457622612230782, 42.46770270876296],
         [29.45818051170588, 42.471817963849176],
         [29.459811294786935, 42.47529989144235],
         [29.459382141344552, 42.476565998901705],
         [29.460326278917794, 42.47789538416515],
         [29.459124649279122, 42.479098136973306],
         [29.463072860949044, 42.49295977669789],
         [29.46496113609553, 42.50131325403045],
         [29.46693524193049, 42.5092227152222],
         [29.467793548815255, 42.5142842452129],
         [29.468480194323067, 42.51909231903627],
         [29.4701968080926, 42.523900022921424],
         [29.47191342186213, 42.52845434851014],
         [29.473286712877755, 42.53313483714868],
         [29.476033294909005, 42.54148294605272],
         [29.47792157005549, 42.54616245829787],
         [29.478264892809396, 42.54831238686409],
         [29.478264892809396, 42.54964024692906],
         [29.47938069175959, 42.550651930875915],
         [29.47912319969416, 42.553623657638305],
         [29.479981506578927, 42.55615267534366],
         [29.48212727379084, 42.562285117666704],
         [29.48367222618342, 42.56683664390305],
         [29.484273041002755, 42.56866980371531],
         [29.483243072741036, 42.56961796868631],
         [29.48513134788752, 42.576444331007174],
         [29.48693379234553, 42.57808760293957],
         [29.48787792991877, 42.580742027662005],
         [29.48637589287043, 42.58071042803232],
         [29.48689087700129, 42.58270117342648],
         [29.487963760607247, 42.582953961944185],
         [29.489036644213204, 42.586524490270286],
         [29.490495765917306, 42.589936839493205],
         [29.491954887621407, 42.598024624798256],
         [29.49384316276789, 42.60390024797159],
         [29.49461563896418, 42.60611136050248],
         [29.49616059135676, 42.61242839244226],
         [29.497018898241524, 42.61546034021433],
         [29.497791374437814, 42.617923689091505],
         [29.49813469719172, 42.619944825647394],
         [29.4976626284051, 42.62070273494227],
         [29.496718490831856, 42.618618462182276],
         [29.49586018394709, 42.61580774147089],
         [29.494529808275704, 42.611322958099585],
         [29.49311360191584, 42.60686943816131],
         [29.492684448473458, 42.60527430570414],
         [29.490581596605782, 42.59875121037346],
         [29.490023697130685, 42.594960235900764],
         [29.489465797655587, 42.59379130558789],
         [29.488564575426583, 42.59053714086746],
         [29.48757626797367, 42.58754192104382],
         [29.487468979613073, 42.58687839783209],
         [29.48688907175502, 42.58539688388776],
         [29.48663157968959, 42.58413298057618],
         [29.48611659555873, 42.58312183947766],
         [29.4858591034933, 42.58173149369025],
         [29.48508662729701, 42.578634703005164],
         [29.485000796608535, 42.5773074599139],
         [29.484571643166152, 42.576106596584275],
         [29.48311252146205, 42.5707972394851],
         [29.48191089182338, 42.568268815337],
         [29.48139590769252, 42.56491849547256],
         [29.480068798005536, 42.561895316093924],
         [29.479811305940107, 42.56059932659951],
         [29.478867168366865, 42.556869255389955],
         [29.478094692170576, 42.554561557324085],
         [29.47921049112077, 42.555667998552664],
         [29.47873842233415, 42.55342348302364],
         [29.479038829743818, 42.5520640892991],
         [29.477923030793622, 42.55130534504316],
         [29.476893062531904, 42.551747946980065],
         [29.47521936410661, 42.54561446911851],
         [29.473846073090986, 42.54238940912621],
         [29.470584506928876, 42.530278137803876],
         [29.468824407458982, 42.52645442441288],
         [29.46762277782031, 42.52275394169633],
         [29.467021963000974, 42.5206980232535],
         [29.466421148181638, 42.51788288673277],
         [29.465691587329587, 42.513454325424505],
         [29.464919111133298, 42.50991125042205],
         [29.464060804248533, 42.50491264237763],
         [29.46337415874072, 42.50314088789092],
         [29.46260168254443, 42.501495642337],
         [29.462687513232908, 42.49852143473746],
         [29.461743375659665, 42.49567365659344],
         [29.460713407397947, 42.49288903701214],
         [29.460198423267087, 42.4901675844483],
         [29.459511777759275, 42.489218212672434],
         [29.459425947070798, 42.488395412144406],
         [29.459683439136228, 42.48668648415773],
         [29.45891096293994, 42.484977509485056],
         [29.458567640186033, 42.483331786046506],
         [29.457709333301267, 42.48136952075155],
         [29.45736601054736, 42.4797237024053],
         [29.45642187297412, 42.47598880019402],
         [29.45564939677783, 42.472950071230784],
         [29.455048581958494, 42.471050790703686],
         [29.45410444438525, 42.46788519508259],
         [29.453074476123533, 42.465542551254636],
         [29.452816984058103, 42.46383299907924],
         [29.451357862354, 42.45946393143114],
         [29.450070402026853, 42.45370136154165],
         [29.449297925830564, 42.45116819601679],
         [29.448439618945798, 42.448064928622514],
         [29.447495481372556, 42.44236464920667],
         [29.44612219035693, 42.43736064316002],
         [29.44543554484912, 42.43248293623841],
         [29.445311429852598, 42.42915765127367],
         [29.444968107098692, 42.42434266349399],
         [29.444882276410215, 42.41883031559289],
         [29.444453122967833, 42.41319074558611],
         [29.444109800213926, 42.40818441025064],
         [29.442822339886778, 42.403621326206064],
         [29.44153487955963, 42.39956497286482],
         [29.44081647473532, 42.39495089399468],
         [29.439271522342743, 42.39032345559699],
         [29.439185691654266, 42.3867100130716],
         [29.439443183719696, 42.381764965176814],
         [29.439700675785126, 42.37764379439753],
         [29.439700675785126, 42.3756782176881],
         [29.439271522342743, 42.37415643862834],
         [29.43987233716208, 42.37307848948388],
         [29.439958167850556, 42.371873700898774],
         [29.439185691654266, 42.370668889203124],
         [29.439014030277313, 42.36965429300813],
         [29.439958167850556, 42.36775188097039],
         [29.439700675785126, 42.36521524196273],
         [29.43987233716208, 42.364073720992515],
         [29.439700675785126, 42.3628053400327],
         [29.438499046146454, 42.3610929851187],
         [29.437898231327118, 42.359317160360135],
         [29.437746167275247, 42.35868731570136]]),
    geometry2 = /* color: #009999 */ee.Geometry.Polygon(
        [[[29.437746167275247, 42.35868731570136],
          [29.437831997963723, 42.358417763783045],
          [29.438046574684915, 42.35813235460925],
          [29.43862593183213, 42.358084786287584],
          [29.439098000618753, 42.35832262753583],
          [29.439527154061135, 42.360304602929375],
          [29.439956307503518, 42.36131935013298],
          [29.439956307503518, 42.36185842791924],
          [29.44042837629014, 42.36260361606669],
          [29.44117939481431, 42.36377687310974],
          [29.441544175240335, 42.363665890273644],
          [29.441715836617288, 42.36382443712235],
          [29.4413939715355, 42.36463301982716],
          [29.441608548256692, 42.36521963213851],
          [29.441737294289407, 42.36555257182452],
          [29.441801667305764, 42.36661479617058],
          [29.442209363076028, 42.367914807494905],
          [29.4424024821251, 42.36839041467223],
          [29.441072106453714, 42.36948429751438],
          [29.441286683174905, 42.370197689105154],
          [29.440986275765237, 42.37062572017057],
          [29.44141542920762, 42.37167200605097],
          [29.441608548256692, 42.37270242208022],
          [29.441844582650003, 42.37324140219239],
          [29.441222310158548, 42.37438275657328],
          [29.440964818093118, 42.375207055170854],
          [29.441479802223977, 42.3759045301491],
          [29.441050648781594, 42.37653859158916],
          [29.440707326027688, 42.37736286189038],
          [29.440535664650735, 42.377933504222554],
          [29.440364003273782, 42.3786626507674],
          [29.440707326027688, 42.38012091845738],
          [29.441222310158548, 42.38195955553468],
          [29.441050648781594, 42.382847154164025],
          [29.44066441068345, 42.383275099019755],
          [29.44044983396226, 42.38421022762733],
          [29.44044983396226, 42.386127990180704],
          [29.440728783699807, 42.38663515725911],
          [29.440850355243402, 42.388406830903385],
          [29.441537000751214, 42.39011844123496],
          [29.44239530763598, 42.39195678553134],
          [29.442996122455316, 42.39366829906171],
          [29.44368276796313, 42.39544315268472],
          [29.44411192140551, 42.39626717480476],
          [29.443253614520746, 42.397408110647014],
          [29.443768598651605, 42.39867579280952],
          [29.445056058978754, 42.40048197368716],
          [29.44763097963305, 42.40453826774577],
          [29.448746778583246, 42.40758031619144],
          [29.44986257753344, 42.41290354601403],
          [29.44960508546801, 42.41562835788522],
          [29.450291730975824, 42.418859958027184],
          [29.44986257753344, 42.4220280317907],
          [29.449690916156488, 42.425322658701795],
          [29.450291730975824, 42.4277301611859],
          [29.450549223041254, 42.42906058341884],
          [29.450549223041254, 42.43260823799168],
          [29.450549223041254, 42.43653576418833],
          [29.45089254579516, 42.43925954909707],
          [29.45235166749926, 42.44141315567255],
          [29.4523945828435, 42.44305998134403],
          [29.451707937335687, 42.444263403499306],
          [29.450592138385492, 42.44492844266805],
          [29.450334646320062, 42.447335192081894],
          [29.450978376483636, 42.44822186592626],
          [29.4523945828435, 42.448950195766656],
          [29.453553297137933, 42.450216836188],
          [29.45363912782641, 42.45224340758591],
          [29.452694990253168, 42.453668301339064],
          [29.452515686266427, 42.45462706480834],
          [29.454532707445626, 42.4584582263603],
          [29.45620640587092, 42.46295400131348],
          [29.457622612230782, 42.46770270876296],
          [29.45818051170588, 42.471817963849176],
          [29.459811294786935, 42.47529989144235],
          [29.459382141344552, 42.476565998901705],
          [29.460326278917794, 42.47789538416515],
          [29.459124649279122, 42.479098136973306],
          [29.463072860949044, 42.49295977669789],
          [29.46496113609553, 42.50131325403045],
          [29.46693524193049, 42.5092227152222],
          [29.467793548815255, 42.5142842452129],
          [29.468480194323067, 42.51909231903627],
          [29.4701968080926, 42.523900022921424],
          [29.47191342186213, 42.52845434851014],
          [29.473286712877755, 42.53313483714868],
          [29.476033294909005, 42.54148294605272],
          [29.47792157005549, 42.54616245829787],
          [29.478264892809396, 42.54831238686409],
          [29.478264892809396, 42.54964024692906],
          [29.47938069175959, 42.550651930875915],
          [29.47912319969416, 42.553623657638305],
          [29.479981506578927, 42.55615267534366],
          [29.48212727379084, 42.562285117666704],
          [29.48367222618342, 42.56683664390305],
          [29.484273041002755, 42.56866980371531],
          [29.483243072741036, 42.56961796868631],
          [29.48513134788752, 42.576444331007174],
          [29.48693379234553, 42.57808760293957],
          [29.48787792991877, 42.580742027662005],
          [29.48637589287043, 42.58071042803232],
          [29.48689087700129, 42.58270117342648],
          [29.487963760607247, 42.582953961944185],
          [29.489036644213204, 42.586524490270286],
          [29.490495765917306, 42.589936839493205],
          [29.491954887621407, 42.598024624798256],
          [29.49384316276789, 42.60390024797159],
          [29.49461563896418, 42.60611136050248],
          [29.49616059135676, 42.61242839244226],
          [29.497018898241524, 42.61546034021433],
          [29.497791374437814, 42.617923689091505],
          [29.49813469719172, 42.619944825647394],
          [29.4976626284051, 42.62070273494227],
          [29.496718490831856, 42.618618462182276],
          [29.49586018394709, 42.61580774147089],
          [29.494529808275704, 42.611322958099585],
          [29.49311360191584, 42.60686943816131],
          [29.492684448473458, 42.60527430570414],
          [29.490581596605782, 42.59875121037346],
          [29.490023697130685, 42.594960235900764],
          [29.489465797655587, 42.59379130558789],
          [29.488564575426583, 42.59053714086746],
          [29.48757626797367, 42.58754192104382],
          [29.487468979613073, 42.58687839783209],
          [29.48688907175502, 42.58539688388776],
          [29.48663157968959, 42.58413298057618],
          [29.48611659555873, 42.58312183947766],
          [29.4858591034933, 42.58173149369025],
          [29.48508662729701, 42.578634703005164],
          [29.485000796608535, 42.5773074599139],
          [29.484571643166152, 42.576106596584275],
          [29.48311252146205, 42.5707972394851],
          [29.48191089182338, 42.568268815337],
          [29.48139590769252, 42.56491849547256],
          [29.480068798005536, 42.561895316093924],
          [29.479811305940107, 42.56059932659951],
          [29.478867168366865, 42.556869255389955],
          [29.478094692170576, 42.554561557324085],
          [29.47921049112077, 42.555667998552664],
          [29.47873842233415, 42.55342348302364],
          [29.479038829743818, 42.5520640892991],
          [29.477923030793622, 42.55130534504316],
          [29.476893062531904, 42.551747946980065],
          [29.47521936410661, 42.54561446911851],
          [29.473846073090986, 42.54238940912621],
          [29.470584506928876, 42.530278137803876],
          [29.468824407458982, 42.52645442441288],
          [29.46762277782031, 42.52275394169633],
          [29.467021963000974, 42.5206980232535],
          [29.466421148181638, 42.51788288673277],
          [29.465691587329587, 42.513454325424505],
          [29.464919111133298, 42.50991125042205],
          [29.464060804248533, 42.50491264237763],
          [29.46337415874072, 42.50314088789092],
          [29.46260168254443, 42.501495642337],
          [29.462687513232908, 42.49852143473746],
          [29.461743375659665, 42.49567365659344],
          [29.460713407397947, 42.49288903701214],
          [29.460198423267087, 42.4901675844483],
          [29.459511777759275, 42.489218212672434],
          [29.459425947070798, 42.488395412144406],
          [29.459683439136228, 42.48668648415773],
          [29.45891096293994, 42.484977509485056],
          [29.458567640186033, 42.483331786046506],
          [29.457709333301267, 42.48136952075155],
          [29.45736601054736, 42.4797237024053],
          [29.45642187297412, 42.47598880019402],
          [29.45564939677783, 42.472950071230784],
          [29.455048581958494, 42.471050790703686],
          [29.45410444438525, 42.46788519508259],
          [29.453074476123533, 42.465542551254636],
          [29.452816984058103, 42.46383299907924],
          [29.451357862354, 42.45946393143114],
          [29.450070402026853, 42.45370136154165],
          [29.449297925830564, 42.45116819601679],
          [29.448439618945798, 42.448064928622514],
          [29.447495481372556, 42.44236464920667],
          [29.44612219035693, 42.43736064316002],
          [29.44543554484912, 42.43248293623841],
          [29.445311429852598, 42.42915765127367],
          [29.444968107098692, 42.42434266349399],
          [29.444882276410215, 42.41883031559289],
          [29.444453122967833, 42.41319074558611],
          [29.444109800213926, 42.40818441025064],
          [29.442822339886778, 42.403621326206064],
          [29.44153487955963, 42.39956497286482],
          [29.44081647473532, 42.39495089399468],
          [29.439271522342743, 42.39032345559699],
          [29.439185691654266, 42.3867100130716],
          [29.439443183719696, 42.381764965176814],
          [29.439700675785126, 42.37764379439753],
          [29.439700675785126, 42.3756782176881],
          [29.439271522342743, 42.37415643862834],
          [29.43987233716208, 42.37307848948388],
          [29.439958167850556, 42.371873700898774],
          [29.439185691654266, 42.370668889203124],
          [29.439014030277313, 42.36965429300813],
          [29.439958167850556, 42.36775188097039],
          [29.439700675785126, 42.36521524196273],
          [29.43987233716208, 42.364073720992515],
          [29.439700675785126, 42.3628053400327],
          [29.438499046146454, 42.3610929851187],
          [29.437898231327118, 42.359317160360135],
          [29.437746167275247, 42.35868731570136]]]),
    groundTruth = /* color: #fbff13 */ee.Geometry.Polygon(
        [[[29.437746167275247, 42.35868731570136],
          [29.437831997963723, 42.358417763783045],
          [29.438046574684915, 42.35813235460925],
          [29.43862593183213, 42.358084786287584],
          [29.439098000618753, 42.35832262753583],
          [29.439527154061135, 42.360304602929375],
          [29.439956307503518, 42.36131935013298],
          [29.439956307503518, 42.36185842791924],
          [29.44042837629014, 42.36260361606669],
          [29.44117939481431, 42.36377687310974],
          [29.441544175240335, 42.363665890273644],
          [29.441715836617288, 42.36382443712235],
          [29.4413939715355, 42.36463301982716],
          [29.441608548256692, 42.36521963213851],
          [29.441737294289407, 42.36555257182452],
          [29.441801667305764, 42.36661479617058],
          [29.442209363076028, 42.367914807494905],
          [29.4424024821251, 42.36839041467223],
          [29.441072106453714, 42.36948429751438],
          [29.441286683174905, 42.370197689105154],
          [29.440986275765237, 42.37062572017057],
          [29.44141542920762, 42.37167200605097],
          [29.441608548256692, 42.37270242208022],
          [29.441844582650003, 42.37324140219239],
          [29.441222310158548, 42.37438275657328],
          [29.440964818093118, 42.375207055170854],
          [29.441479802223977, 42.3759045301491],
          [29.441050648781594, 42.37653859158916],
          [29.440707326027688, 42.37736286189038],
          [29.440535664650735, 42.377933504222554],
          [29.440364003273782, 42.3786626507674],
          [29.440707326027688, 42.38012091845738],
          [29.441222310158548, 42.38195955553468],
          [29.441050648781594, 42.382847154164025],
          [29.44066441068345, 42.383275099019755],
          [29.44044983396226, 42.38421022762733],
          [29.44044983396226, 42.386127990180704],
          [29.440728783699807, 42.38663515725911],
          [29.440850355243402, 42.388406830903385],
          [29.441537000751214, 42.39011844123496],
          [29.44239530763598, 42.39195678553134],
          [29.442996122455316, 42.39366829906171],
          [29.44368276796313, 42.39544315268472],
          [29.44411192140551, 42.39626717480476],
          [29.443253614520746, 42.397408110647014],
          [29.443768598651605, 42.39867579280952],
          [29.445056058978754, 42.40048197368716],
          [29.44763097963305, 42.40453826774577],
          [29.448746778583246, 42.40758031619144],
          [29.44986257753344, 42.41290354601403],
          [29.44960508546801, 42.41562835788522],
          [29.450291730975824, 42.418859958027184],
          [29.44986257753344, 42.4220280317907],
          [29.449690916156488, 42.425322658701795],
          [29.450291730975824, 42.4277301611859],
          [29.450549223041254, 42.42906058341884],
          [29.450549223041254, 42.43260823799168],
          [29.450549223041254, 42.43653576418833],
          [29.45089254579516, 42.43925954909707],
          [29.45235166749926, 42.44141315567255],
          [29.4523945828435, 42.44305998134403],
          [29.451707937335687, 42.444263403499306],
          [29.450592138385492, 42.44492844266805],
          [29.450334646320062, 42.447335192081894],
          [29.450978376483636, 42.44822186592626],
          [29.4523945828435, 42.448950195766656],
          [29.453553297137933, 42.450216836188],
          [29.45363912782641, 42.45224340758591],
          [29.452694990253168, 42.453668301339064],
          [29.452515686266427, 42.45462706480834],
          [29.454532707445626, 42.4584582263603],
          [29.45620640587092, 42.46295400131348],
          [29.457622612230782, 42.46770270876296],
          [29.45818051170588, 42.471817963849176],
          [29.459811294786935, 42.47529989144235],
          [29.459382141344552, 42.476565998901705],
          [29.460326278917794, 42.47789538416515],
          [29.459124649279122, 42.479098136973306],
          [29.463072860949044, 42.49295977669789],
          [29.46496113609553, 42.50131325403045],
          [29.46693524193049, 42.5092227152222],
          [29.467793548815255, 42.5142842452129],
          [29.468480194323067, 42.51909231903627],
          [29.4701968080926, 42.523900022921424],
          [29.47191342186213, 42.52845434851014],
          [29.473286712877755, 42.53313483714868],
          [29.476033294909005, 42.54148294605272],
          [29.47792157005549, 42.54616245829787],
          [29.478264892809396, 42.54831238686409],
          [29.478264892809396, 42.54964024692906],
          [29.47938069175959, 42.550651930875915],
          [29.47912319969416, 42.553623657638305],
          [29.479981506578927, 42.55615267534366],
          [29.48212727379084, 42.562285117666704],
          [29.48367222618342, 42.56683664390305],
          [29.484273041002755, 42.56866980371531],
          [29.483243072741036, 42.56961796868631],
          [29.48513134788752, 42.576444331007174],
          [29.48693379234553, 42.57808760293957],
          [29.48787792991877, 42.580742027662005],
          [29.48637589287043, 42.58071042803232],
          [29.48689087700129, 42.58270117342648],
          [29.487963760607247, 42.582953961944185],
          [29.489036644213204, 42.586524490270286],
          [29.490495765917306, 42.589936839493205],
          [29.491954887621407, 42.598024624798256],
          [29.49384316276789, 42.60390024797159],
          [29.49461563896418, 42.60611136050248],
          [29.49616059135676, 42.61242839244226],
          [29.497018898241524, 42.61546034021433],
          [29.497791374437814, 42.617923689091505],
          [29.49813469719172, 42.619944825647394],
          [29.4976626284051, 42.62070273494227],
          [29.496718490831856, 42.618618462182276],
          [29.49586018394709, 42.61580774147089],
          [29.494529808275704, 42.611322958099585],
          [29.49311360191584, 42.60686943816131],
          [29.492684448473458, 42.60527430570414],
          [29.490581596605782, 42.59875121037346],
          [29.490023697130685, 42.594960235900764],
          [29.489465797655587, 42.59379130558789],
          [29.488564575426583, 42.59053714086746],
          [29.48757626797367, 42.58754192104382],
          [29.487468979613073, 42.58687839783209],
          [29.48688907175502, 42.58539688388776],
          [29.48663157968959, 42.58413298057618],
          [29.48611659555873, 42.58312183947766],
          [29.4858591034933, 42.58173149369025],
          [29.48508662729701, 42.578634703005164],
          [29.485000796608535, 42.5773074599139],
          [29.484571643166152, 42.576106596584275],
          [29.48311252146205, 42.5707972394851],
          [29.48191089182338, 42.568268815337],
          [29.48139590769252, 42.56491849547256],
          [29.480068798005536, 42.561895316093924],
          [29.479811305940107, 42.56059932659951],
          [29.478867168366865, 42.556869255389955],
          [29.478094692170576, 42.554561557324085],
          [29.47921049112077, 42.555667998552664],
          [29.47873842233415, 42.55342348302364],
          [29.479038829743818, 42.5520640892991],
          [29.477923030793622, 42.55130534504316],
          [29.476893062531904, 42.551747946980065],
          [29.47521936410661, 42.54561446911851],
          [29.473846073090986, 42.54238940912621],
          [29.470584506928876, 42.530278137803876],
          [29.468824407458982, 42.52645442441288],
          [29.46762277782031, 42.52275394169633],
          [29.467021963000974, 42.5206980232535],
          [29.466421148181638, 42.51788288673277],
          [29.465691587329587, 42.513454325424505],
          [29.464919111133298, 42.50991125042205],
          [29.464060804248533, 42.50491264237763],
          [29.46337415874072, 42.50314088789092],
          [29.46260168254443, 42.501495642337],
          [29.462687513232908, 42.49852143473746],
          [29.461743375659665, 42.49567365659344],
          [29.460713407397947, 42.49288903701214],
          [29.460198423267087, 42.4901675844483],
          [29.459511777759275, 42.489218212672434],
          [29.459425947070798, 42.488395412144406],
          [29.459683439136228, 42.48668648415773],
          [29.45891096293994, 42.484977509485056],
          [29.458567640186033, 42.483331786046506],
          [29.457709333301267, 42.48136952075155],
          [29.45736601054736, 42.4797237024053],
          [29.45642187297412, 42.47598880019402],
          [29.45564939677783, 42.472950071230784],
          [29.455048581958494, 42.471050790703686],
          [29.45410444438525, 42.46788519508259],
          [29.453074476123533, 42.465542551254636],
          [29.452816984058103, 42.46383299907924],
          [29.451357862354, 42.45946393143114],
          [29.450070402026853, 42.45370136154165],
          [29.449297925830564, 42.45116819601679],
          [29.448439618945798, 42.448064928622514],
          [29.447495481372556, 42.44236464920667],
          [29.44612219035693, 42.43736064316002],
          [29.44543554484912, 42.43248293623841],
          [29.445311429852598, 42.42915765127367],
          [29.444968107098692, 42.42434266349399],
          [29.444882276410215, 42.41883031559289],
          [29.444453122967833, 42.41319074558611],
          [29.444109800213926, 42.40818441025064],
          [29.442822339886778, 42.403621326206064],
          [29.44153487955963, 42.39956497286482],
          [29.44081647473532, 42.39495089399468],
          [29.439271522342743, 42.39032345559699],
          [29.439185691654266, 42.3867100130716],
          [29.439443183719696, 42.381764965176814],
          [29.439700675785126, 42.37764379439753],
          [29.439700675785126, 42.3756782176881],
          [29.439271522342743, 42.37415643862834],
          [29.43987233716208, 42.37307848948388],
          [29.439958167850556, 42.371873700898774],
          [29.439185691654266, 42.370668889203124],
          [29.439014030277313, 42.36965429300813],
          [29.439958167850556, 42.36775188097039],
          [29.439700675785126, 42.36521524196273],
          [29.43987233716208, 42.364073720992515],
          [29.439700675785126, 42.3628053400327],
          [29.438499046146454, 42.3610929851187],
          [29.437898231327118, 42.359317160360135],
          [29.437746167275247, 42.35868731570136]]]),
    geometry3 = /* color: #00ffff */ee.Geometry.LineString(
        [[29.499484001237814, 42.62539896919869],
         [29.439059196550314, 42.35755784465866]]),
    geometry4 = /* color: #bf04c2 */ee.Geometry.LineString(
        [[29.444773717310266, 42.419333216651665],
         [29.450266881372766, 42.41888967689879]]),
    geometry5 = /* color: #ff0000 */ee.Geometry.LineString(
        [[29.4953620783789, 42.61427187435393],
         [29.49664953870605, 42.61403500422937]]);
/***** End of imports. If edited, may not auto-convert in the playground. *****/
// Study Area
var region210719 = ee.Geometry.Rectangle(
                [29.180880485613216, 42.809049704488125,
                29.881258903581966, 42.29310326379858], null, true);

// Dataset
var sar = ee.ImageCollection('COPERNICUS/S1_GRD')
    .filter(ee.Filter.listContains('transmitterReceiverPolarisation','VV'))
    .filter(ee.Filter.listContains('transmitterReceiverPolarisation','VH'))
    .filter(ee.Filter.eq('instrumentMode','IW'))
    .filter(ee.Filter.eq('orbitProperties_pass','DESCENDING'))
    .filterDate('2019-07-21', '2019-07-26')
    .filterBounds(region210719)
    .mosaic()
    .clip(region210719);

//print(region210719.area().divide(1000000))
print(sar);
Map.centerObject(region210719,8);
Map.addLayer(sar.select(['VV']),{min:-40, max:1});

// Ground Truth


print(groundTruth.area().divide(1000000));
print(geometry4.length())
print(geometry5.length())