/**** Start of imports. If edited, may not auto-convert in the playground. ****/
var groundTruth = /* color: #fbff13 */ee.Geometry.Polygon(
        [[[35.67020844979104, 43.53890729328073],
          [35.66986512811458, 43.536294036691515],
          [35.66894244930013, 43.534427355101],
          [35.67038011055897, 43.53368066684065],
          [35.67141007548574, 43.53193835734941],
          [35.67490766442671, 43.53114496743118],
          [35.67690322073643, 43.529698170357854],
          [35.67997165733208, 43.527784611555276],
          [35.68325467231259, 43.52691337912657],
          [35.686172906323115, 43.52658666341213],
          [35.687889514562265, 43.52608880727648],
          [35.6909794093934, 43.52521754915182],
          [35.691751883097794, 43.52457965576666],
          [35.694755947511794, 43.52297711335371],
          [35.69827499440519, 43.522028014759016],
          [35.70145071965697, 43.521981337382066],
          [35.70263093731631, 43.521545734163396],
          [35.70883213509755, 43.52036316639042],
          [35.716385211359714, 43.51774910620323],
          [35.71909959814271, 43.51684660674494],
          [35.72325164433042, 43.51563287929315],
          [35.726684860815105, 43.51413902738278],
          [35.729946416478306, 43.51314310556281],
          [35.73320797214136, 43.51189818017766],
          [35.737156171104715, 43.510902221377556],
          [35.74041772676959, 43.509657249768566],
          [35.742268479403684, 43.50729562660704],
          [35.744376652908095, 43.50748626851818],
          [35.74929061015831, 43.50534639652293],
          [35.75432225356041, 43.50343200652722],
          [35.759386247060846, 43.501821119911746],
          [35.76118869890847, 43.50137756060897],
          [35.76462190304797, 43.50119076179821],
          [35.76709362610977, 43.49997870327531],
          [35.76817056308198, 43.49991841079862],
          [35.771418679476184, 43.498770478021015],
          [35.771928216664726, 43.498856043099956],
          [35.773736067865315, 43.498202349612754],
          [35.775374904366934, 43.497400745350376],
          [35.77574773172263, 43.49781323638391],
          [35.780071377290234, 43.49708159704293],
          [35.78436289791296, 43.497206121300195],
          [35.786197522805544, 43.49739290659842],
          [35.789115796822536, 43.495836371286366],
          [35.79075191773933, 43.49575853673175],
          [35.792259295862905, 43.49596086722381],
          [35.79468400342298, 43.49505803744259],
          [35.79789734649282, 43.494369272433204],
          [35.801325129766184, 43.4925751991905],
          [35.80479053609731, 43.49284761968129],
          [35.80904455245482, 43.491676282824145],
          [35.81286932426368, 43.491485520236125],
          [35.816259623764054, 43.49151665672803],
          [35.81753368021711, 43.49140769540852],
          [35.81861460912171, 43.49108078296414],
          [35.81896328051885, 43.49060598129078],
          [35.81999326371356, 43.489329461282686],
          [35.82145773920835, 43.488951952097445],
          [35.82279346451947, 43.489150429110175],
          [35.8243384357751, 43.48804902316663],
          [35.82699915557191, 43.48784273703625],
          [35.82777164722657, 43.48758004290835],
          [35.82905911060591, 43.4871149547557],
          [35.8319344047174, 43.486558369124715],
          [35.834831179419666, 43.485748814388714],
          [35.83853261075375, 43.48419973133164],
          [35.840587195980795, 43.483444640465635],
          [35.842201885956975, 43.483709318337375],
          [35.843757543456796, 43.483257808869105],
          [35.84712104524596, 43.48303599844802],
          [35.84872499070704, 43.482596165019274],
          [35.85045231564148, 43.483008702615905],
          [35.85920701774848, 43.48089125776401],
          [35.86372387890213, 43.48012062583928],
          [35.86761839819634, 43.479894787475324],
          [35.870525910598616, 43.47918637247893],
          [35.87225324048264, 43.479521106890374],
          [35.876051258545466, 43.47878934904626],
          [35.87843303020301, 43.478649176511254],
          [35.88306787249205, 43.478150924939506],
          [35.887691985983686, 43.47738018393011],
          [35.888013850478785, 43.477695486669276],
          [35.88773490233062, 43.478073071560665],
          [35.88701607146939, 43.4784623327009],
          [35.883668685372314, 43.47877373880577],
          [35.88284257871816, 43.479330382604495],
          [35.881426368768444, 43.480027133524935],
          [35.880353493455075, 43.48060710779748],
          [35.87836865736478, 43.48091461245694],
          [35.877504988225525, 43.48094186534281],
          [35.876737880227694, 43.481194873829864],
          [35.875825932674736, 43.4809768927435],
          [35.87504273040173, 43.481218225835526],
          [35.873540696658495, 43.48064214180564],
          [35.87298279829055, 43.48036188552825],
          [35.870450801806406, 43.48045530407952],
          [35.867189246118315, 43.48120265141988],
          [35.865901789933304, 43.480828978887686],
          [35.864067164855065, 43.48159189115688],
          [35.863080134447856, 43.48224192666591],
          [35.86166394130758, 43.48244822626429],
          [35.86034429128301, 43.4828063212544],
          [35.85970054474597, 43.4834913480651],
          [35.85494768348929, 43.48418416391083],
          [35.85350466689674, 43.48426590477948],
          [35.85187924623671, 43.48446440294096],
          [35.84998024835154, 43.485126073298225],
          [35.847877403232886, 43.48627035669969],
          [35.844851892389556, 43.48620029838131],
          [35.843939951305735, 43.486355986182794],
          [35.84322111634412, 43.48666735573872],
          [35.84118263105093, 43.48655837016731],
          [35.83838243012744, 43.48662454379977],
          [35.837062771241854, 43.487328994109106],
          [35.835606357407926, 43.487317342820674],
          [35.833785153968634, 43.487710437124996],
          [35.83121557437753, 43.48855107454994],
          [35.83001395742765, 43.4883992939144],
          [35.82779308667276, 43.48923605149983],
          [35.82761874721833, 43.48969918846221],
          [35.826757762133326, 43.48950848839231],
          [35.82552930953861, 43.48974977911592],
          [35.82471929930833, 43.49010199056263],
          [35.824091668744934, 43.49070327870916],
          [35.82347475697412, 43.490814196220306],
          [35.822493058685794, 43.49125201814756],
          [35.821146607379056, 43.49184356828876],
          [35.81958555345478, 43.49241175225474],
          [35.81915640369138, 43.49269973731077],
          [35.81826591085963, 43.49290988624188],
          [35.81741833646438, 43.49307333906682],
          [35.81646347219638, 43.493034419092304],
          [35.8150901855988, 43.49259855296924],
          [35.81423188147293, 43.49275421979895],
          [35.81307317090035, 43.49347028205565],
          [35.81187154512268, 43.49399954000494],
          [35.81042315690895, 43.49457549191436],
          [35.806603703553606, 43.49454435950926],
          [35.804693976874646, 43.49480120128706],
          [35.8028164365989, 43.49546275841846],
          [35.80268769485005, 43.49593751816494],
          [35.80200104767685, 43.49632666329366],
          [35.80168991537195, 43.496910373303834],
          [35.80114274354746, 43.49751743083611],
          [35.80053120696228, 43.497832631030064],
          [35.79966216892939, 43.49835017588113],
          [35.79892724834074, 43.49811669911167],
          [35.79849273097999, 43.49835796153414],
          [35.79818695864837, 43.49816339505661],
          [35.79768806944393, 43.49812447975584],
          [35.79722672879489, 43.498490265974056],
          [35.79644888815895, 43.49822954792251],
          [35.79590708838661, 43.497828738730185],
          [35.79467327366575, 43.49865370171248],
          [35.79382569957076, 43.49851361287515],
          [35.792377312674155, 43.497945478774575],
          [35.79163165865865, 43.497855978376315],
          [35.79075726149684, 43.498155612853445],
          [35.790070619995426, 43.498560309991696],
          [35.78955563786492, 43.49789100010834],
          [35.78826818167587, 43.49879378302162],
          [35.785500150874554, 43.4987937830182],
          [35.783096899325265, 43.49924516941133],
          [35.78106915583079, 43.499494208734845],
          [35.77957249448532, 43.499361910089966],
          [35.77795780337979, 43.49957203331104],
          [35.77739454812007, 43.50013236749128],
          [35.77612317831291, 43.50066156687691],
          [35.77519514582171, 43.50063044495639],
          [35.773322961106864, 43.501424228674146],
          [35.77185311529426, 43.50137753537095],
          [35.771649268064145, 43.502101277503606],
          [35.769020711684306, 43.50179777379388],
          [35.76833406838498, 43.501922288320515],
          [35.76756159467304, 43.50274719057379],
          [35.76569478320326, 43.50249038258993],
          [35.76470773346057, 43.50252929296073],
          [35.76337736206838, 43.50305847151404],
          [35.76296967018193, 43.50343978980193],
          [35.76222938030273, 43.50362655509246],
          [35.76095267104188, 43.504404745636066],
          [35.759386247893204, 43.505159575879325],
          [35.757905673280085, 43.50568873137699],
          [35.75661821709441, 43.50567316804686],
          [35.75550242173377, 43.50589105431307],
          [35.754322253564276, 43.50642020339868],
          [35.75309917018852, 43.50677815456207],
          [35.7518760868136, 43.50760299046497],
          [35.75076029145379, 43.50810099913825],
          [35.74985907212484, 43.508536753356786],
          [35.749065140811524, 43.509019191857625],
          [35.74870036155949, 43.50925262845761],
          [35.7474129053742, 43.50917481635947],
          [35.74488090821094, 43.50954831352528],
          [35.74425863772286, 43.510108554936984],
          [35.742713690304875, 43.511664753794534],
          [35.740288981156645, 43.51160250661422],
          [35.739709625873076, 43.511462450216825],
          [35.739194643399586, 43.51160250661587],
          [35.73872257613447, 43.51247396134758],
          [35.73769261118768, 43.51276963063108],
          [35.73737074714318, 43.51328315804673],
          [35.737349289541655, 43.51376555860773],
          [35.73541810526538, 43.51390560966457],
          [35.73432376750775, 43.513672191063506],
          [35.73335817536943, 43.51368775233364],
          [35.732692989674355, 43.513749997367995],
          [35.73204926158329, 43.51406122157142],
          [35.73099783903479, 43.51460586006531],
          [35.73093346622672, 43.51490151890238],
          [35.728959366745514, 43.51524385890812],
          [35.72825126584617, 43.51571068305472],
          [35.72795085940429, 43.51597521513452],
          [35.727242758504666, 43.516364230792895],
          [35.726792148841824, 43.5167221229832],
          [35.72513991340627, 43.51686216717902],
          [35.72462493093342, 43.51703333186231],
          [35.72421723647531, 43.5170644526624],
          [35.72367006587862, 43.51698665133154],
          [35.7232301867322, 43.51664432052253],
          [35.72305852590865, 43.51684660673446],
          [35.72404557565414, 43.517780226612494],
          [35.72419577887762, 43.518215910946154],
          [35.72260791625366, 43.518791631852004],
          [35.72187835774972, 43.51882275174616],
          [35.72086985040388, 43.51844931198237],
          [35.720183207104675, 43.51821591095654],
          [35.71915324215854, 43.51840263185368],
          [35.71901376774105, 43.51887721152665],
          [35.71887429332425, 43.519445146228705],
          [35.718509514075414, 43.52005197466084],
          [35.71810181961891, 43.52034760681487],
          [35.71720060029149, 43.520549880613785],
          [35.71595605931309, 43.520363166367936],
          [35.71511921279406, 43.52040984498695],
          [35.71430382387809, 43.52045652356986],
          [35.71391758708421, 43.52051098283974],
          [35.71335968934359, 43.520472083091526],
          [35.71390685555287, 43.52117225325755],
          [35.713810299016195, 43.52190354165165],
          [35.713574265385766, 43.52244810936082],
          [35.71160016591338, 43.52384840376036],
          [35.70921837197629, 43.52408178300713],
          [35.70752322133378, 43.52384840377391],
          [35.70582807069711, 43.52448630489403],
          [35.70295275188866, 43.52450186338403],
          [35.701493634880094, 43.524330719894365],
          [35.70095719480331, 43.52425292723813],
          [35.699262044165096, 43.52461077264227],
          [35.69724502947668, 43.52437739545791],
          [35.69535676041025, 43.52461077265811],
          [35.69426242265723, 43.52492194084814],
          [35.69379035539448, 43.525450923081706],
          [35.69241706880451, 43.526057691111816],
          [35.692095206838225, 43.52653999035036],
          [35.69134418865616, 43.52652443159729],
          [35.688490327458325, 43.5273334398884],
          [35.68879074011733, 43.52820467045086],
          [35.68690247184379, 43.52781573046423],
          [35.685808128672505, 43.52899809923584],
          [35.683683824387266, 43.52943370236921],
          [35.682031588962815, 43.52947135833403],
          [35.681194743408696, 43.529735831890655],
          [35.68057247361277, 43.52956470224757],
          [35.67939230380365, 43.53094927383551],
          [35.67926355819122, 43.53154042989128],
          [35.67758853787426, 43.53320351713932],
          [35.67591484483966, 43.53335907927808],
          [35.67497071031026, 43.533732426757815],
          [35.67509945593983, 43.53485245531309],
          [35.67509945595733, 43.53656356988339],
          [35.674069491017505, 43.53706133955598],
          [35.67351159335002, 43.538119086458124],
          [35.67316827170986, 43.53889682969507],
          [35.672138306761575, 43.53855462391319],
          [35.671322917850325, 43.53886572016845],
          [35.671794985133424, 43.540452286076764],
          [35.67132291787183, 43.54088780667317],
          [35.66990671607119, 43.54070115538332],
          [35.66904841194167, 43.53986121739716],
          [35.66909132714124, 43.53927014290734],
          [35.66969214002091, 43.538834610624825]]]),
    geometry = 
    /* color: #9999ff */
    /* shown: false */
    ee.Geometry.LineString(
        [[35.66840290069646, 43.53609773302167],
         [35.88606952667302, 43.477829680472894]]),
    geometry2 = 
    /* color: #ffff99 */
    /* shown: false */
    ee.Geometry.LineString(
        [[35.711438539077385, 43.52386757084477],
         [35.708691957046135, 43.520288965742736]]),
    geometry3 = 
    /* color: #99ffff */
    /* shown: false */
    ee.Geometry.LineString(
        [[35.88518183283639, 43.47863348658648],
         [35.88483851008248, 43.47785496394674]]);
/***** End of imports. If edited, may not auto-convert in the playground. *****/
/*
article
https://www.mdpi.com/2072-4292/8/10/875
*/

// Study Area
var region250915 = ee.Geometry.Rectangle(
                [36.215817911076336, 43.323600262718614,
                 35.503564816425694, 43.83954667563497], null, true);

// Dataset
var sar = ee.ImageCollection('COPERNICUS/S1_GRD')
    .filter(ee.Filter.listContains('transmitterReceiverPolarisation','VV'))
    .filter(ee.Filter.listContains('transmitterReceiverPolarisation','VH'))
    .filter(ee.Filter.eq('instrumentMode','IW'))
    .filter(ee.Filter.eq('orbitProperties_pass','DESCENDING'))
    .filterDate('2015-09-25', '2015-09-26')
    .filterBounds(region250915)
    .mosaic()
    .clip(region250915);
    
print(sar);
//print(region250915.area().divide(1000000))
Map.centerObject(region250915,8);
var imageVisParam = {"opacity":1,"bands":["VV"],"min":-50,"gamma":1}; 
Map.addLayer(sar,imageVisParam);

/*
Export.image.toDrive({
  image: sar.visualize(imageVisParam),
  folder: 'Bitirme/görüntüler',
  description: '250915_blacksea',
  region: region250915,
  scale: 100
});
*/


// Ground Trurth
print(groundTruth.area().divide(1000000));
print(geometry.length())
print(geometry2.length())
print(geometry3.length())